Sum:         (1.2,16.1)
Product:     (15.5,16.82)
Subtraction: (0.8,-17.9)
Division:    (-0.0522419,-0.0594381)

7.38173
(4.3,-6)
